.Random.seed <-
c(403L, 10L, 1538042285L, 1078094532L, -826659094L, 1867710805L, 
-1802438929L, 341837046L, 1941623840L, -1192245789L, 218412673L, 
733397232L, 1369849742L, -1843212039L, 959027851L, -65668422L, 
-118147652L, -1598038273L, 1786761813L, -846355092L, 1208921538L, 
-1453896163L, -1075734889L, 2010292222L, 1461275576L, 1704830875L, 
189222393L, -1305424568L, 1774454902L, 1961162161L, -1163494429L, 
1882376370L, -2108971772L, -1958025657L, 1405710621L, -1531854956L, 
-27614406L, -1472893051L, -833242017L, 615511782L, 2119073136L, 
-287570285L, -923394255L, -1685412384L, -1671363970L, -2024312567L, 
1794462523L, -234951926L, -1460772116L, -1077256337L, -495943515L, 
954706524L, 355043890L, -1039228627L, -2123323417L, 787689230L, 
1421246696L, 675787499L, -176366711L, -691534056L, 1610779206L, 
-501060959L, -1064514253L, -103656286L, -1446437996L, 271016471L, 
2018534925L, 579830564L, -451936502L, -378023307L, -1543876145L, 
-958735658L, -1388036480L, 1661657283L, -965919135L, -1695205680L, 
1623593006L, 1451415001L, 1016080875L, 1498012762L, -63945188L, 
675915551L, 1286994805L, 714318348L, 2004038626L, -246095683L, 
-808071369L, -1879361570L, 1156482328L, 1872586875L, 886705689L, 
1970710184L, 253568086L, 227844305L, 1579154563L, -901783790L, 
-2032702812L, 2145547879L, -1609963587L, -469518028L, -892650854L, 
1079310565L, 1016670847L, 1811887110L, 357148560L, 1264380467L, 
-1438776879L, -1255922816L, 1504280158L, -2008316503L, 1401472091L, 
1522064490L, -395311860L, -813037745L, -738708475L, 110922428L, 
1773960082L, -1124632435L, -1480327481L, -676227154L, -1762131448L, 
230614539L, 1495412457L, -1266554440L, -402897306L, -118881535L, 
-389610093L, 1436851778L, -555802124L, 1862482935L, 1035108333L, 
1171277956L, -592580950L, -1589967851L, -1508813649L, 367401654L, 
-2123552L, -1970740189L, 1197103937L, 962709040L, -353528754L, 
1187642553L, 1990686923L, -1222523526L, -9324420L, 1337035967L, 
-721499755L, 1502658988L, -882658430L, 1675475293L, 1287862359L, 
-2110853314L, -1839884424L, -545801125L, -811947079L, -623994360L, 
458686646L, -1559283727L, 1474765347L, -1400190350L, -382398268L, 
-921258361L, 1300590173L, -1333850028L, -1578126726L, -1367012923L, 
-1957446881L, 1354856102L, 1883400240L, -987071789L, -1543106319L, 
-107897824L, 309447358L, -1693958455L, 771988603L, 504296010L, 
450512556L, -90046033L, 1345775973L, -956500196L, 121437042L, 
-1937844243L, -1317922777L, -1489821618L, -1915435864L, 835365547L, 
1084497865L, -566053928L, 2110526086L, 2113405793L, 1593444083L, 
436107618L, -1734588460L, -1982270761L, -266528563L, -24203164L, 
-288465334L, 797215669L, -1242990833L, -18807786L, -1570509120L, 
1553807491L, -1912302431L, -1506248048L, -1583257234L, 1676478233L, 
-305988693L, -1159870054L, 1621085532L, 298443871L, -404202443L, 
1078413260L, 1081021218L, 1051692413L, -1230922121L, -1089370210L, 
1611032152L, 1224609723L, 2049646937L, 1568840424L, 899195670L, 
-443046767L, -114394813L, 1537578066L, -1366219036L, 1749016871L, 
75665789L, 1587402868L, -862430630L, 115794042L, -580987344L, 
-630367556L, -1549977772L, -551470526L, -65397856L, 686872764L, 
1215001040L, 1799931234L, -1304419352L, 1477937100L, 180848380L, 
1044180978L, 1568832640L, -589616908L, 335901832L, 400405818L, 
356082512L, 618065004L, 376410260L, -2024232622L, -1166000416L, 
668057804L, -139093856L, 1795234178L, 1412339944L, 1035520236L, 
-1817950148L, -1357635470L, -483342224L, -942300636L, 524943928L, 
1666259482L, 792527056L, -428063172L, 82930836L, -477215614L, 
-1610496064L, 178732348L, 9236112L, -269958110L, 1030385672L, 
-2095752052L, 1772851228L, 1650594962L, 2139532416L, -776698860L, 
348087080L, -1187687366L, -1766241072L, 502355052L, 1817495220L, 
-654585838L, -1237311520L, 2087660492L, -563225120L, -782017502L, 
17753384L, 140286220L, 380694076L, -1914080014L, 1048537328L, 
-695523516L, -1998679976L, 695484986L, -931530512L, -1150528836L, 
1663384084L, -1922863934L, 168748640L, -1402768004L, -1924270896L, 
-1130568670L, 368683176L, 647581068L, -2142547524L, 512694322L, 
-635796672L, -895365452L, -1369185976L, 1622745786L, -1263272176L, 
183492844L, 134670420L, -1276967150L, 1591648672L, 2035361740L, 
-1508114592L, 356867266L, -86282712L, 1323342252L, -330513604L, 
859493234L, 1762709296L, -1288626140L, -1017582024L, -2077191462L, 
527120272L, -495782660L, -1007207020L, 2037166914L, -1522054656L, 
347703356L, -1120292272L, -1833996126L, 1283531592L, 884460044L, 
1951644380L, 1186066514L, -640922496L, -884078764L, 2006773736L, 
-1145355526L, -1115420848L, 2129421356L, 2038159732L, -1140535662L, 
1123164768L, -1164021620L, -1595395744L, 2075367650L, 661720232L, 
-1661237556L, 189094396L, -239354958L, -268385296L, -1792470588L, 
-221475496L, 1217798522L, -648244816L, -1829197380L, 1842331220L, 
-672376382L, -1571691744L, -1863289924L, 808415312L, 1536424930L, 
-1960206488L, -1296828596L, -295751940L, 1607874290L, 281345280L, 
-1010963340L, -1252880888L, -87333446L, -1502595632L, -209881108L, 
-2102380L, 898336978L, 462898272L, -168850100L, 468751136L, -648537470L, 
1306837480L, 1484725228L, 1373437500L, 723469938L, 1641220976L, 
-253166300L, 968219192L, 2025173402L, 1513156048L, -1651661380L, 
1510321812L, -1108860286L, -1117110848L, 1183848252L, 170758800L, 
-295667934L, 1333851656L, 1891345164L, 254157724L, 38804498L, 
-1144362112L, 745683732L, 1923986728L, 303665210L, 1031357392L, 
1594374764L, 73223220L, -357216110L, 1539373408L, -713925300L, 
-438315552L, 1398430626L, 936065960L, 499571852L, -1479068740L, 
383657074L, -37230608L, -1231698876L, 202172504L, -1950883782L, 
1208150128L, -1732108740L, -788027628L, -338408766L, 1997755104L, 
-1633680260L, -1021375280L, -2076748894L, 1822707240L, -592469748L, 
-1753167940L, -592891598L, 1960933568L, 1520546356L, -2027087160L, 
-1449884998L, -1768584048L, 1171326700L, -242756012L, -1494260078L, 
1826408224L, 1041340364L, -1812838176L, 1815826114L, -1260055512L, 
415464364L, 1775823548L, -2002419214L, -2084239824L, -1569335388L, 
-706600520L, 1096563546L, -343124848L, -655910020L, -139671093L, 
-1512886323L, 973464314L, -1184032456L, 892674785L, -152590957L, 
-1611362892L, 633081538L, -732504361L, -1610215647L, -1637996826L, 
742252516L, -517746923L, 2129372991L, 1384067800L, 820229878L, 
-906157821L, 2094178885L, -1233980830L, 1519759824L, 655429369L, 
-2075849685L, -2070836324L, -1418550326L, -688825153L, 563445257L, 
-576571618L, -1552384308L, 1880014493L, -1809368281L, 1446860112L, 
1503828974L, -877615973L, 1954860797L, 1310430698L, 1706174088L, 
759640113L, -2121168221L, -1838058844L, 291267410L, 504769191L, 
319084273L, 772978230L, 1004772052L, -328307099L, 147119215L, 
1482925736L, 996516870L, 1430335795L, -686756459L, -676183566L, 
476966464L, 1815957417L, -1549233637L, -1928467476L, -342545414L, 
1520273455L, 1446053945L, -618685874L, 485210780L, 1475289101L, 
652065911L, 1547017344L, -626238754L, -725218901L, -340442451L, 
1755322138L, 1988888536L, 975045697L, 45716211L, 890049812L, 
-689438558L, 542432695L, 1049137537L, -47503482L, -2015836732L, 
-1549249291L, -62382753L, 333860792L, -660225386L, -370447197L, 
-2111347099L, -1982233726L, 1086841072L, 1917028505L, 1469587595L, 
-478803588L, -1333332054L, -1850628129L, -461413015L, -19367554L, 
-1820161684L, -160042563L, 1893433991L, 1649350256L, -787301106L, 
1674330683L, 1840875805L, 528939978L, -1208404760L, -1890523183L, 
-2072479293L, -995007804L, -382074510L, 1637280839L, 2019082257L, 
-337581674L, 2082163956L, -760453499L, -1423298609L, 177290952L, 
1749563238L, 1179479443L, -801329419L, -2134446382L, 872814880L, 
365377801L, 777596475L, 1667384204L, -759741926L, -2139258225L, 
2097499609L, 1378816622L, 652493308L, 948646765L, -2253545L, 
484186336L, -2057847106L, -1924158325L, -1450489075L, 641915706L, 
59904888L, 1092485409L, -1818072621L, 1627347188L, 700103042L, 
-1600189417L, -1222821151L, 597869606L, -443875036L, -1443970603L, 
361577855L, 1642185752L, -1839174858L, 1029729731L, -1269701627L, 
